 ##k=   3.1415927410125732        3.1415927410125732        3.1415927410125732     
   0.0000000000000000                            NaN                       NaN
   3.9062500000000000                            NaN                       NaN
   7.8125000000000000                            NaN                       NaN
   11.718750000000000                            NaN                       NaN
   15.625000000000000                            NaN                       NaN
   19.531250000000000                            NaN                       NaN
   23.437500000000000                            NaN                       NaN
   27.343750000000000                            NaN                       NaN
   31.250000000000000                            NaN                       NaN
   35.156250000000000                            NaN                       NaN
   39.062500000000000                            NaN                       NaN
   42.968750000000000                            NaN                       NaN
   46.875000000000000                            NaN                       NaN
   50.781250000000000                            NaN                       NaN
   54.687500000000000                            NaN                       NaN
   58.593750000000000                            NaN                       NaN
   62.500000000000000                            NaN                       NaN
   66.406250000000000                            NaN                       NaN
   70.312500000000000                            NaN                       NaN
   74.218750000000000                            NaN                       NaN
   78.125000000000000                            NaN                       NaN
   82.031250000000000                            NaN                       NaN
   85.937500000000000                            NaN                       NaN
   89.843750000000000                            NaN                       NaN
   93.750000000000000                            NaN                       NaN
   97.656250000000000                            NaN                       NaN
   101.56250000000000                            NaN                       NaN
   105.46875000000000                            NaN                       NaN
   109.37500000000000                            NaN                       NaN
   113.28125000000000                            NaN                       NaN
   117.18750000000000                            NaN                       NaN
   121.09375000000000                            NaN                       NaN
   125.00000000000000                            NaN                       NaN
   128.90625000000000                            NaN                       NaN
   132.81250000000000                            NaN                       NaN
   136.71875000000000                            NaN                       NaN
   140.62500000000000                            NaN                       NaN
   144.53125000000000                            NaN                       NaN
   148.43750000000000                            NaN                       NaN
   152.34375000000000                            NaN                       NaN
   156.25000000000000                            NaN                       NaN
   160.15625000000000                            NaN                       NaN
   164.06250000000000                            NaN                       NaN
   167.96875000000000                            NaN                       NaN
   171.87500000000000                            NaN                       NaN
   175.78125000000000                            NaN                       NaN
   179.68750000000000                            NaN                       NaN
   183.59375000000000                            NaN                       NaN
   187.50000000000000                            NaN                       NaN
   191.40625000000000                            NaN                       NaN
   195.31250000000000                            NaN                       NaN
   199.21875000000000                            NaN                       NaN
   203.12500000000000                            NaN                       NaN
   207.03125000000000                            NaN                       NaN
   210.93750000000000                            NaN                       NaN
   214.84375000000000                            NaN                       NaN
   218.75000000000000                            NaN                       NaN
   222.65625000000000                            NaN                       NaN
   226.56250000000000                            NaN                       NaN
   230.46875000000000                            NaN                       NaN
   234.37500000000000                            NaN                       NaN
   238.28125000000000                            NaN                       NaN
   242.18750000000000                            NaN                       NaN
   246.09375000000000                            NaN                       NaN
   250.00000000000000                            NaN                       NaN
   253.90625000000000                            NaN                       NaN
   257.81250000000000                            NaN                       NaN
   261.71875000000000                            NaN                       NaN
   265.62500000000000                            NaN                       NaN
   269.53125000000000                            NaN                       NaN
   273.43750000000000                            NaN                       NaN
   277.34375000000000                            NaN                       NaN
   281.25000000000000                            NaN                       NaN
   285.15625000000000                            NaN                       NaN
   289.06250000000000                            NaN                       NaN
   292.96875000000000                            NaN                       NaN
   296.87500000000000                            NaN                       NaN
   300.78125000000000                            NaN                       NaN
   304.68750000000000                            NaN                       NaN
   308.59375000000000                            NaN                       NaN
   312.50000000000000                            NaN                       NaN
   316.40625000000000                            NaN                       NaN
   320.31250000000000                            NaN                       NaN
   324.21875000000000                            NaN                       NaN
   328.12500000000000                            NaN                       NaN
   332.03125000000000                            NaN                       NaN
   335.93750000000000                            NaN                       NaN
   339.84375000000000                            NaN                       NaN
   343.75000000000000                            NaN                       NaN
   347.65625000000000                            NaN                       NaN
   351.56250000000000                            NaN                       NaN
   355.46875000000000                            NaN                       NaN
   359.37500000000000                            NaN                       NaN
   363.28125000000000                            NaN                       NaN
   367.18750000000000                            NaN                       NaN
   371.09375000000000                            NaN                       NaN
   375.00000000000000                            NaN                       NaN
   378.90625000000000                            NaN                       NaN
   382.81250000000000                            NaN                       NaN
   386.71875000000000                            NaN                       NaN
   390.62500000000000                            NaN                       NaN
   394.53125000000000                            NaN                       NaN
   398.43750000000000                            NaN                       NaN
   402.34375000000000                            NaN                       NaN
   406.25000000000000                            NaN                       NaN
   410.15625000000000                            NaN                       NaN
   414.06250000000000                            NaN                       NaN
   417.96875000000000                            NaN                       NaN
   421.87500000000000                            NaN                       NaN
   425.78125000000000                            NaN                       NaN
   429.68750000000000                            NaN                       NaN
   433.59375000000000                            NaN                       NaN
   437.50000000000000                            NaN                       NaN
   441.40625000000000                            NaN                       NaN
   445.31250000000000                            NaN                       NaN
   449.21875000000000                            NaN                       NaN
   453.12500000000000                            NaN                       NaN
   457.03125000000000                            NaN                       NaN
   460.93750000000000                            NaN                       NaN
   464.84375000000000                            NaN                       NaN
   468.75000000000000                            NaN                       NaN
   472.65625000000000                            NaN                       NaN
   476.56250000000000                            NaN                       NaN
   480.46875000000000                            NaN                       NaN
   484.37500000000000                            NaN                       NaN
   488.28125000000000                            NaN                       NaN
   492.18750000000000                            NaN                       NaN
   496.09375000000000                            NaN                       NaN
   500.00000000000000                            NaN                       NaN

